 mux_1_2 1 2 1 1.117 1.117 1.117
 mux_1_3 1 3 1 1.117 1.117 1.117
 mux_1_4 1 4 1 1.117 1.117 1.117
 mux_1_5 1 5 1 1.117 1.117 1.117
 mux_1_8 1 8 2 1.239 1.239 1.239
 mux_1_9 1 9 2 1.239 1.239 1.239
 mux_1_16 1 16 3 1.284 1.284 1.284
 mux_1_17 1 17 3 1.284 1.284 1.284
 mux_1_32 1 32 3 1.768 1.768 1.768
 mux_1_33 1 33 3 1.768 1.768 1.768
 mux_1_64 1 64 4 1.794 1.794 1.794
 mux_2_2 2 2 2 1.117 1.117 1.117
 mux_2_3 2 3 2 1.117 1.117 1.117
 mux_2_4 2 4 2 1.117 1.117 1.117
 mux_2_5 2 5 2 1.117 1.117 1.117
 mux_2_8 2 8 4 1.239 1.239 1.239
 mux_2_9 2 9 4 1.239 1.239 1.239
 mux_2_16 2 16 6 1.284 1.284 1.284
 mux_2_17 2 17 6 1.284 1.284 1.284
 mux_2_32 2 32 6 1.768 1.768 1.768
 mux_2_33 2 33 6 1.768 1.768 1.768
 mux_2_64 2 64 8 1.794 1.794 1.794
 mux_4_2 4 2 4 1.117 1.117 1.117
 mux_4_3 4 3 4 1.117 1.117 1.117
 mux_4_4 4 4 4 1.117 1.117 1.117
 mux_4_5 4 5 4 1.117 1.117 1.117
 mux_4_8 4 8 8 1.239 1.239 1.239
 mux_4_9 4 9 8 1.239 1.239 1.239
 mux_4_16 4 16 12 1.284 1.284 1.284
 mux_4_17 4 17 12 1.284 1.284 1.284
 mux_4_32 4 32 12 1.768 1.768 1.768
 mux_4_33 4 33 12 1.768 1.768 1.768
 mux_4_64 4 64 16 1.794 1.794 1.794
 mux_8_2 8 2 8 1.117 1.117 1.117
 mux_8_3 8 3 8 1.117 1.117 1.117
 mux_8_4 8 4 8 1.117 1.117 1.117
 mux_8_5 8 5 8 1.117 1.117 1.117
 mux_8_8 8 8 16 1.239 1.239 1.239
 mux_8_9 8 9 16 1.239 1.239 1.239
 mux_8_16 8 16 24 1.284 1.284 1.284
 mux_8_17 8 17 24 1.284 1.284 1.284
 mux_8_32 8 32 24 1.768 1.768 1.768
 mux_8_33 8 33 24 1.768 1.768 1.768
 mux_8_64 8 64 32 1.794 1.794 1.794
 mux_16_2 16 2 16 1.117 1.117 1.117
 mux_16_3 16 3 16 1.117 1.117 1.117
 mux_16_4 16 4 16 1.117 1.117 1.117
 mux_16_5 16 5 16 1.117 1.117 1.117
 mux_16_8 16 8 32 1.239 1.239 1.239
 mux_16_9 16 9 32 1.239 1.239 1.239
 mux_16_16 16 16 48 1.284 1.284 1.284
 mux_16_17 16 17 48 1.284 1.284 1.284
 mux_16_32 16 32 48 1.768 1.768 1.768
 mux_16_33 16 33 48 1.768 1.768 1.768
 mux_16_64 16 64 64 1.794 1.794 1.794
 mux_32_2 32 2 32 1.117 1.117 1.117
 mux_32_3 32 3 32 1.117 1.117 1.117
 mux_32_4 32 4 32 1.117 1.117 1.117
 mux_32_5 32 5 32 1.117 1.117 1.117
 mux_32_8 32 8 64 1.239 1.239 1.239
 mux_32_9 32 9 64 1.239 1.239 1.239
 mux_32_16 32 16 96 1.284 1.284 1.284
 mux_32_17 32 17 96 1.284 1.284 1.284
 mux_32_32 32 32 96 1.768 1.768 1.768
 mux_32_33 32 33 96 1.768 1.768 1.768
 mux_32_64 32 64 128 1.794 1.794 1.794
 oneHotMux_1_2 1 2 1 1.117 1.117 1.117
 oneHotMux_1_3 1 3 1 1.117 1.117 1.117
 oneHotMux_1_4 1 4 1 1.117 1.117 1.117
 oneHotMux_1_5 1 5 1 1.117 1.117 1.117
 oneHotMux_1_8 1 8 2 1.239 1.239 1.239
 oneHotMux_1_9 1 9 2 1.239 1.239 1.239
 oneHotMux_1_16 1 16 3 1.284 1.284 1.284
 oneHotMux_1_17 1 17 3 1.284 1.284 1.284
 oneHotMux_1_32 1 32 3 1.768 1.768 1.768
 oneHotMux_1_33 1 33 3 1.768 1.768 1.768
 oneHotMux_1_64 1 64 4 1.794 1.794 1.794
 oneHotMux_2_2 2 2 2 1.117 1.117 1.117
 oneHotMux_2_3 2 3 2 1.117 1.117 1.117
 oneHotMux_2_4 2 4 2 1.117 1.117 1.117
 oneHotMux_2_5 2 5 2 1.117 1.117 1.117
 oneHotMux_2_8 2 8 4 1.239 1.239 1.239
 oneHotMux_2_9 2 9 4 1.239 1.239 1.239
 oneHotMux_2_16 2 16 6 1.284 1.284 1.284
 oneHotMux_2_17 2 17 6 1.284 1.284 1.284
 oneHotMux_2_32 2 32 6 1.768 1.768 1.768
 oneHotMux_2_33 2 33 6 1.768 1.768 1.768
 oneHotMux_2_64 2 64 8 1.794 1.794 1.794
 oneHotMux_4_2 4 2 4 1.117 1.117 1.117
 oneHotMux_4_3 4 3 4 1.117 1.117 1.117
 oneHotMux_4_4 4 4 4 1.117 1.117 1.117
 oneHotMux_4_5 4 5 4 1.117 1.117 1.117
 oneHotMux_4_8 4 8 8 1.239 1.239 1.239
 oneHotMux_4_9 4 9 8 1.239 1.239 1.239
 oneHotMux_4_16 4 16 12 1.284 1.284 1.284
 oneHotMux_4_17 4 17 12 1.284 1.284 1.284
 oneHotMux_4_32 4 32 12 1.768 1.768 1.768
 oneHotMux_4_33 4 33 12 1.768 1.768 1.768
 oneHotMux_4_64 4 64 16 1.794 1.794 1.794
 oneHotMux_8_2 8 2 8 1.117 1.117 1.117
 oneHotMux_8_3 8 3 8 1.117 1.117 1.117
 oneHotMux_8_4 8 4 8 1.117 1.117 1.117
 oneHotMux_8_5 8 5 8 1.117 1.117 1.117
 oneHotMux_8_8 8 8 16 1.239 1.239 1.239
 oneHotMux_8_9 8 9 16 1.239 1.239 1.239
 oneHotMux_8_16 8 16 24 1.284 1.284 1.284
 oneHotMux_8_17 8 17 24 1.284 1.284 1.284
 oneHotMux_8_32 8 32 24 1.768 1.768 1.768
 oneHotMux_8_33 8 33 24 1.768 1.768 1.768
 oneHotMux_8_64 8 64 32 1.794 1.794 1.794
 oneHotMux_16_2 16 2 16 1.117 1.117 1.117
 oneHotMux_16_3 16 3 16 1.117 1.117 1.117
 oneHotMux_16_4 16 4 16 1.117 1.117 1.117
 oneHotMux_16_5 16 5 16 1.117 1.117 1.117
 oneHotMux_16_8 16 8 32 1.239 1.239 1.239
 oneHotMux_16_9 16 9 32 1.239 1.239 1.239
 oneHotMux_16_16 16 16 48 1.284 1.284 1.284
 oneHotMux_16_17 16 17 48 1.284 1.284 1.284
 oneHotMux_16_32 16 32 48 1.768 1.768 1.768
 oneHotMux_16_33 16 33 48 1.768 1.768 1.768
 oneHotMux_16_64 16 64 64 1.794 1.794 1.794
 oneHotMux_32_2 32 2 32 1.117 1.117 1.117
 oneHotMux_32_3 32 3 32 1.117 1.117 1.117
 oneHotMux_32_4 32 4 32 1.117 1.117 1.117
 oneHotMux_32_5 32 5 32 1.117 1.117 1.117
 oneHotMux_32_8 32 8 64 1.239 1.239 1.239
 oneHotMux_32_9 32 9 64 1.239 1.239 1.239
 oneHotMux_32_16 32 16 96 1.284 1.284 1.284
 oneHotMux_32_17 32 17 96 1.284 1.284 1.284
 oneHotMux_32_32 32 32 96 1.768 1.768 1.768
 oneHotMux_32_33 32 33 96 1.768 1.768 1.768
 oneHotMux_32_64 32 64 128 1.794 1.794 1.794
